5.125349715631229628e+04
1.006303202413695981e+05
8.300927613739389926e+04
8.288210654304170748e+04
7.733829483891850396e+04
8.107164131674736564e+04
8.476004353269436979e+04
7.459909671929801698e+04
9.468736110452360299e+04
7.672048678222132730e+04
8.466965776296491094e+04
7.970704914361862757e+04
1.000266405084590224e+05
8.982842639586588484e+04
7.400605604302335996e+04
1.032811855776037846e+05
8.858679236710735131e+04
1.336319281396135921e+05
9.151953047237521969e+04
1.068633319827941014e+05
8.962232208315552271e+04
6.380324097245065786e+04
9.911667093399769510e+04
1.358650267961287755e+05
6.134418577082355478e+04
9.918227630778685852e+04
5.503804861412673927e+04
7.135356078828562750e+04
9.088019896458796575e+04
8.095037075038849434e+04
8.472493806271426729e+04
9.123688284731082967e+04
9.162821297882187355e+04
1.052434671146959008e+05
7.150093550932630023e+04
5.616205440840563824e+04
7.893529392670070229e+04
8.109709361259074649e+04
1.303547140619060956e+05
1.121590221650401800e+05
8.225996409800680703e+04
7.569952604272747703e+04
7.169930209176485369e+04
9.348789133203143138e+04
1.207236077308634558e+05
1.130459879579546832e+05
7.075204409433319233e+04
1.036794112833760009e+05
6.251762724778927804e+04
7.078071336759581754e+04
1.128404572345095658e+05
6.553250301184632553e+04
6.945626059752312722e+04
7.847104167763881560e+04
7.655356384850076574e+04
6.477404774461768829e+04
7.946170772594623850e+04
1.087127934391489689e+05
1.348322085261175234e+05
5.275747937674989225e+04
8.397994687516032718e+04
5.698125251452886732e+04
5.235247669683697313e+04
8.800883127479486575e+04
9.651671294080384541e+04
9.243170598117884947e+04
8.603604996776219923e+04
1.062716134978315822e+05
1.065237549159158516e+05
6.801894440642216068e+04
6.938470794069379917e+04
7.779696117203707399e+04
1.121459565585829259e+05
8.944707822587198461e+04
1.003309793004368694e+05
7.662482196341980307e+04
1.020130473405463854e+05
9.242901584717709920e+04
8.252623206088338338e+04
8.377214562674843182e+04
7.189749263018707279e+04
6.726619673713009979e+04
1.101487923470857640e+05
6.252951330791553482e+04
6.038203294374810503e+04
1.063944250768308848e+05
8.470162739681101812e+04
7.433745042844420823e+04
9.639644118742686987e+04
7.170678489149714005e+04
8.186862379824985692e+04
7.944088332995516248e+04
6.057304791139201552e+04
1.154472826492057065e+05
1.021602852078956494e+05
1.114135475878071447e+05
8.983698621300741797e+04
8.556734476406028261e+04
1.155652026309003850e+05
1.093691545486222603e+05
8.226671210852017975e+04
5.391832060905854451e+04
6.887457038961040962e+04
9.862162149732596299e+04
7.283387581357978343e+04
1.345696998000409221e+05
8.949458586974271748e+04
8.151329859591589775e+04
7.186080129960142949e+04
8.737247981207678095e+04
8.247149409474732238e+04
7.734558871428741259e+04
7.050645373878967075e+04
7.971545369541588298e+04
1.014753578605453222e+05
9.114190918255528959e+04
8.460862472487392370e+04
6.717395333009239403e+04
1.124418933469019830e+05
8.647968372483625717e+04
1.062055563008985773e+05
1.209814344017365511e+05
1.004968505986242089e+05
1.151395654874661559e+05
7.411612458137677459e+04
8.990373203271908278e+04
8.855662918357593298e+04
7.289256701538001653e+04
7.638948408033166197e+04
1.088853380859595054e+05
4.927880193843565212e+04
6.558529853999984334e+04
7.969338929400086636e+04
7.346753823494278186e+04
6.237511111402169627e+04
1.261880466249173915e+05
8.279882771199496347e+04
9.857418858554668259e+04
1.049552900964653236e+05
8.998291975939119584e+04
9.058634297754771251e+04
9.871745268163723813e+04
1.032490804769636452e+05
8.481736068008706206e+04
9.229998553994609392e+04
6.770042825535629527e+04
8.692353139511907648e+04
8.497967656441489817e+04
8.677528933212097036e+04
7.031858330441886210e+04
7.105664324087527348e+04
1.192003128846785112e+05
1.078782343023114518e+05
9.906786118868419726e+04
1.138742574756683753e+05
8.736396061490953434e+04
6.100724503190608812e+04
7.882559224854582862e+04
8.144709172507424955e+04
8.376507678131324064e+04
1.206241328964570566e+05
6.971615330603384064e+04
9.171657641287872684e+04
7.216100756675652519e+04
6.852743639097370033e+04
1.075136258535800443e+05
8.146596781548962463e+04
9.427769505865432438e+04
9.028914896059257444e+04
7.781745552847796353e+04
6.701598816071799956e+04
1.049425991471289162e+05
9.246552656144657522e+04
1.304336344087961188e+05
9.304860543387262442e+04
8.770174185967346421e+04
6.104664052275798167e+04
9.178442100064981787e+04
1.014594235854213766e+05
9.459375947594951140e+04
9.140958427076475346e+04
6.255784947197134898e+04
7.783840664977574488e+04
1.026506847612223210e+05
1.085674594320370234e+05
9.693950585214332386e+04
1.019451103516321164e+05
8.409633721535635414e+04
9.972760899670339131e+04
1.000075163222067931e+05
8.698603510265974910e+04
6.351070078075694619e+04
8.501989474873400468e+04
7.069089103354992403e+04
7.237794636608306610e+04
1.081072301712636836e+05
9.215408621579446481e+04
8.168490824755415088e+04
8.340387501857579628e+04
1.005971756094671728e+05
